13526
22719
28216
18252
2337
28510
1187
31380
17805
22523
10351
15944
3945
23446
1903
3539
12906
19817
10965
13621
12056
352
1182
5272
13397
21469
15715
11160
24757
12645
513
25543
15776
3008
16753
13769
16481
31273
27140
30662
14412
22644
19200
7919
5131
3949
29554
2791
29625
13762
11270
25510
25716
15702
6769
18584
13204
30462
19554
26562
11677
26932
12775
21763
32199
17467
23105
5502
17907
7625
17343
20266
29054
18448
28192
7742
16299
16593
5578
18322
32258
877
16227
18398
31627
16350
12774
17093
17956
6702
7456
30925
2646
16489
23721
31182
6368
19879
25192
17248
29645
30033
26215
8445
25978
21114
7577
23737
4828
21146
6909
31994
21234
14153
23243
5881
22899
21317
10990
13767
26807
26852
9676
17871
29929
4414
20234
14174
18662
9037
28446
30134
15228
30981
26520
21469
5239
26068
24122
2269
12136
2491
2384
14814
19642
7561
11742
29751
1537
30860